752507138739404852
634994422995615745
393746654525784075
595957482401300480
216071693750239233
332365218971648012
724630607577219082
534452674427486219
642315839353389058
415550087649951764
196506438468632577
364087532511559681
327839847739949068
291274804823326720
337173148099149824
712171822509981696
693351244022022155
784411979539939358
711618220624445453
816230158964621363
251694200393826306
881832224360628225
226228113741185024
611558900470120457
756233178867564624
330355058388762628
319512085409038336
300683143718109184
330383863652155392
330389175037722624
159985870458322944
302050872383242240
231849525185216512
235088799074484224
204255221017214977
360081866461806595
562658024351596555
582941506168553476
802940035442933761
810624332962857001
876892118524760104
497712793374425088
212033035221073930
493928746076864522
244365536232734720
715030326941974541
749784987015970966
841981609284730902
872450913133010994
808984918566633502
313714401670856704
711685181588635648
845605870645018634
732956693729771602
161506299870314496
760731585816952842
526304216919179264
847362563092381766
712523525008916622
808241933881311252
322019911289536512
513174213662605333
786359355658207254
559409235595886601
603899038886264834
646213481938288650
891543250979139625
633674712882479104
623862729735929858
383864942178205699
707139221562982400
377093224533065733
624979580557721620
724723125715075094
440877040669949953
574528792857673728
252015165317316608
368700713255305218
849009119847383060
623814766175191040
656813022471520258
785160480606912512
270436465710727168
759806386849710141
880077541568839681
725220583369080892
868832074210111488
304309794896871425
677870793740255233
263842341071093760
706539623735754762
797937708361056266
526024114977374218
367203514457260034
770333294859517972
615622151759855619
794247659879399484
409973137069834240
791179050928177173
688400699733704704
673252753182687254
803410240602243072
759376368516595743
796079515062501398
326058333138059284
349263483944304650
741675631573467289
840264539606220872
121452964287086592
739308943938945035
733695843676454922
753118828132565042
851087217996333056
685800997250924545
210324605401825280
784673584106700801
328093614758428672
778376120801820701
254715013200216064
391096645221220357
327809681474977794
483326051901243412
775498278410125313
331492320497369092
760874260302135316
328918763615551500
487517794074886145
372067778095742977
668973919671418881
805210342875070464
234395307759108106
714869368475090995
816625253643190302
449012355527868417
284280797836476416
780462117572444161
807618771282821120
616252801873608717
193403098243268608
222351600964861952
545957365422489610
453147319907385345
420095679524765707
497338360726290443
271024716314050560
780621347977560074
782209063236665345
370989305360809984
409240655030648842
422333025209286666
277456899966763008
401053397446426624
415480443601944587
415499157466513409
503247335061716992
335122868322959360
381371647891996674
393060905816031242
319743077382225921
378967283466502145
451379919314747413
327831203694510082
328813618114199553
385996724742914059
371365368913985547
330705456563486720
655045910576758786
319779286104145921
335745030943670273
307065467196145664
393743737643073537
416186271388663809
507903182643396629
413967648313966602
782752092082536448
827343604095123479
779939965206528001
